5 0.189000 0.298000 0.242000 0.226000
5 0.381500 0.410000 0.281000 0.250000
5 0.331500 0.682000 0.325000 0.302000
5 0.628000 0.600000 0.278000 0.264000
5 0.850500 0.751000 0.299000 0.370000
5 0.860500 0.438000 0.265000 0.248000
5 0.548000 0.288000 0.262000 0.234000
5 0.094500 0.594000 0.185000 0.298000
5 0.586500 0.849500 0.299000 0.261000
5 0.435500 0.155500 0.211000 0.199000
5 0.270500 0.093000 0.225000 0.174000
5 0.607500 0.077000 0.199000 0.146000
5 0.858000 0.227500 0.272000 0.217000
5 0.864000 0.447500 0.272000 0.253000
5 0.106500 0.868000 0.207000 0.264000
