7 0.269531 0.351562 0.289062 0.350000
7 0.537500 0.400781 0.293750 0.282813
7 0.796094 0.388281 0.335938 0.279687
7 0.817187 0.688281 0.365625 0.332813
7 0.568750 0.702344 0.350000 0.339062
7 0.298438 0.675000 0.309375 0.328125
7 0.084375 0.682031 0.165625 0.320312
7 0.286719 0.921875 0.342187 0.156250
7 0.607031 0.932031 0.304688 0.135937
7 0.867969 0.929688 0.260937 0.140625
7 0.300781 0.157031 0.282813 0.226562
7 0.550781 0.178125 0.301563 0.250000
7 0.813281 0.173437 0.314063 0.234375
7 0.082812 0.172656 0.159375 0.264062
7 0.083594 0.424219 0.145313 0.232813
7 0.089844 0.681250 0.167187 0.312500
